1 S 1 1 1 1 1 1 1 1 1 1 1 1 1 1
1 1 1 1 1 1 1 1 1 1 3 2 2 2 1 1
1 1 1 1 1 1 1 1 1 1 2 -1 -1 -1 1 1
-1 1 1 1 1 1 1 1 1 1 1 -1 -1 -1 -1 1
-1 1 1 1 1 1 1 1 1 1 1 -1 -1 -1 -1 1
-1 -1 2 1 1 1 1 1 1 1 1 -1 -1 -1 -1 1
-1 -1 2 1 1 1 1 1 1 1 1 -1 -1 -1 -1 1
-1 -1 -1 3 2 1 1 1 1 1 3 -1 -1 -1 -1 1
-1 -1 -1 -1 3 1 1 1 1 1 3 1 -1 -1 -1 1
-1 -1 -1 -1 4 1 1 1 1 1 1 2 2 A 2 1
1 1 1 1 1 5 2 1 1 1 1 1 1 1 1 1
1 1 -1 -1 1 1 1 1 1 1 1 1 1 1 1 1
B 1 -1 -1 1 1 1 1 1 1 1 1 1 1 1 1
1 1 1 1 1 1 1 1 -1 -1 -1 1 1 1 1 1
1 1 1 1 -1 -1 -1 5 -1 -1 -1 1 1 2 3 3
1 1 1 1 -1 G 1 1 2 2 2 1 1 1 1 3